3598731,14121001,374052,14125000,4
3599055,14121002,20665,14136000,15
3599199,14121003,281251,14136000,15
3599060,14121004,365488,14157000,36
3600150,14121005,370662,14149000,28
3599141,14121006,284064,14149000,28
3601414,14121007,285208,14136000,15
3600830,14121008,362282,14136000,15
3601338,14121009,34944,14140000,19
3600271,14121010,7902,14149000,28
3600368,14121011,374093,14157000,36
3599881,14121012,373699,14149000,28
3599692,14121013,302855,14157000,36
3599429,14121014,32593,14157000,36
3599592,14121015,374074,14157000,36
3598836,14121016,25602,14149000,28
3599363,14121017,22035,14157000,36
3598379,14121018,264661,14140000,19
3602218,14122001,276241,14149000,27
3604499,14122002,374130,14149000,27
3603847,14122003,374135,14157000,35
3602621,14122004,314561,14141000,19
3604259,14122005,373690,14157000,35
3602508,14122006,333550,14136000,14
3602090,14122007,338766,14157000,35
3602273,14122008,6620,14142000,20
3603508,14122009,329394,14136000,14
3602543,14122010,39439,14157000,35
3601933,14122011,368200,14136000,14
3604446,14122012,314898,14140000,18
3604390,14122013,358100,14149000,27
3603624,14122014,19014,14149000,27
3603901,14122015,373778,14153000,31
3601592,14122016,359334,14157000,35
3602331,14122017,41086,14153000,31
3604109,14122018,278850,14149000,27
3603617,14122019,335058,14140000,18
3604513,14122020,27701,14149000,27
3602489,14122021,338453,14157000,35
3602886,14122022,373954,14157000,35
3605737,14123001,338191,14157000,32
3605220,14123002,374088,14136000,11
3607309,14123003,374164,14157000,32
3607970,14123004,374108,14149000,24
3605682,14123005,39958,14149000,24
3607924,14123007,331020,14149000,24
3607435,14123008,308219,14128000,3
3605232,14123009,19219,14157000,32
3606564,14123010,285413,14149000,24
3605208,14123011,365399,14141000,16
3606972,14123012,43156,14136000,11
3605794,14123014,37261,14153000,28
3605569,14123015,19958,14149000,24
3605868,14123016,374149,14149000,24
3605805,14123017,44167,14153000,28
3605095,14123018,9788,14157000,32
3607283,14123019,374163,14136000,11
3608172,14124001,336710,14153000,28
3608299,14124002,12015,14149000,24
3609659,14124003,44727,14149000,24
3608700,14124004,371058,14142000,17
3608419,14124005,285155,14157000,32
3609981,14124006,24173,14149000,24
3608684,14124007,306207,14142000,17
3608464,14124008,374165,14149000,24
3608393,14124009,374171,14149000,24
3608947,14124010,14787,14157000,32
3608197,14124011,308027,14125000,0
3608417,14124012,372358,14136000,11
3608506,14124013,374024,14157000,32
3608155,14124014,374167,14157000,32
3608263,14124015,373727,14157000,32
3610495,14125001,374185,14157000,32
3611522,14125002,293469,14157000,32
3610774,14125003,38435,14157000,32
3610722,14125004,368735,14136000,11
3611269,14125005,290745,14157000,32
3610983,14125006,29741,14160000,35
3614617,14126001,339114,14171000,45
3615663,14126002,280840,14153000,27
3615183,14126003,53808,14160000,34
3615033,14126004,276838,14160000,34
3612614,14126005,360896,14136000,10
3615562,14126006,331536,14136000,10
3612802,14126007,338396,14153000,27
3615119,14126008,38546,14126000,0
3614516,14126009,370666,14149000,23
3614639,14126010,367194,14149000,23
3614528,14126011,299799,14160000,34
3614470,14126012,357688,14153000,27
3613059,14126013,330027,14149000,23
3613450,14126014,365165,14160000,34
3613161,14126015,297907,14156000,30
3612509,14126016,16224,14157000,31
3615087,14126017,359679,14160000,34
3612175,14126018,19983,14160000,34
3614191,14126019,35553,14153000,27
3614783,14126020,318472,14155000,29
3613294,14126021,322213,14126000,0
3613707,14126022,290550,14157000,31
3615638,14126023,374211,14160000,34
3612128,14126024,374214,14160000,34
3612452,14126025,309640,14157000,31
3613028,14126026,372532,14160000,34
3612804,14126027,374220,14153000,27
3615521,14126028,374210,14160000,34
3614174,14126030,292746,14153000,27
3616417,14127001,320685,14153000,26
3617538,14127002,36884,14153000,26
3616975,14127003,311703,14157000,30
3617277,14127004,362685,14149000,22
3618778,14127005,374127,14160000,33
3618200,14127006,359979,14157000,30
3616461,14127007,336054,14149000,22
3618270,14127009,363686,14153000,26
3618201,14127010,367431,14149000,22
3616469,14127011,374231,14157000,30
3616636,14127012,371553,14160000,33
3615938,14127013,348473,14155000,28
3616897,14127014,374238,14160000,33
3616541,14127015,374234,14157000,30
3618225,14127016,36022,14153000,26
3616233,14127017,369873,14160000,33
3616614,14127018,293754,14157000,30
3619222,14127019,14806,14160000,33
3616255,14127020,300733,14160000,33
3617212,14127021,362884,14164000,37
3618820,14127022,56623,14155000,28
3616435,14127023,29850,14153000,26
3618515,14127024,305769,14157000,30
3619028,14127025,370043,14160000,33
3616654,14127026,33705,14153000,26
3621392,14128001,373039,14164000,35
3621687,14128003,40131,14153000,24
3622422,14128004,364764,14164000,35
3619459,14128005,36298,14149000,20
3620357,14128006,374254,14149000,20
3621865,14128007,354261,14160000,31
3621584,14128008,275104,14157000,28
3621607,14128009,302001,14157000,28
3620894,14128010,326778,14164000,35
3621287,14128011,322213,14153000,24
3619618,14128012,290259,14149000,20
3620578,14128013,47220,14164000,35
3621107,14128014,366411,14162000,33
3620309,14128015,374261,14157000,28
3620293,14128016,43857,14164000,35
3619393,14128017,355585,14160000,31
3620110,14128018,309759,14157000,28
3621203,14128019,349786,14164000,35
3620181,14128020,36715,14157000,28
3624982,14129001,290350,14162000,33
3623548,14129002,46689,14153000,24
3622836,14129003,51210,14162000,33
3624417,14129004,354788,14164000,35
3624269,14129005,9432,14164000,35
3624203,14129006,320884,14161000,32
3625255,14129007,352293,14161000,32
3623246,14129008,44981,14149000,20
3623939,14129009,51498,14164000,35
3624931,14129010,374302,14164000,35
3625310,14129011,369732,14149000,20
3622869,14129012,356235,14157000,28
3624140,14129013,362474,14157000,28
3623722,14129014,296392,14149000,20
3623155,14129015,297446,14153000,24
3625010,14129016,285713,14149000,20
3628743,14130001,41110,14164000,32
3626395,14130002,297016,14157000,25
3626859,14130003,37901,14149000,17
3628232,14130004,320853,14153000,21
3628280,14130005,48487,14164000,32
3626727,14130006,364961,14157000,25
3626705,14130007,350471,14164000,32
3628356,14130008,278172,14157000,25
3626904,14130009,296854,14157000,25
3626929,14130010,22931,14157000,25
3628014,14130011,374215,14153000,21
3628015,14130012,374293,14164000,32
3627042,14130013,285060,14164000,32
3627712,14130014,336182,14153000,21
3626411,14130015,28451,14157000,25
3626840,14130016,366424,14153000,21
3626150,14130017,327727,14134000,2
3631196,14131001,11649,14164000,32
3629323,14131002,3397,14155000,23
3630097,14131003,333353,14164000,32
3630148,14131004,47968,14160000,28
3629115,14131005,317850,14155000,23
3629168,14131006,277870,14153000,21
3629801,14131007,367713,14164000,32
3631340,14132001,363503,14162000,30
3633114,14132002,51693,14153000,21
3632193,14132003,370700,14149000,17
3632541,14132004,29074,14157000,25
3631744,14132005,24363,14155000,23
3631557,14132006,364196,14153000,21
3633120,14132007,304839,14153000,21
3633129,14132008,51099,14153000,21
3631373,14132009,24816,14164000,32
3632488,14132010,334740,14155000,23
3632895,14132011,315358,14153000,21
3631960,14132012,363281,14160000,28
3632620,14132013,290829,14164000,32
3631593,14132014,327105,14160000,28
3633305,14132015,336625,14153000,21
3631418,14132016,373176,14157000,25
3631372,14132017,321004,14153000,21
3632579,14132018,310134,14155000,23
3633520,14133001,301480,14164000,31
3633774,14133002,374353,14160000,27
3634599,14133003,374117,14160000,27
3636790,14133004,367279,14153000,20
3634481,14133005,368488,14164000,31
3634271,14133006,374356,14164000,31
3634314,14133007,365704,14156000,23
3635620,14133008,21402,14162000,29
3635925,14133009,330242,14164000,31
3635827,14133010,333565,14153000,20
3635793,14133011,356129,14153000,20
3636371,14133012,49290,14156000,23
3633721,14133013,366919,14149000,16
3635635,14133014,366773,14160000,27
3637085,14133015,18632,14153000,20
3635093,14133016,374268,14160000,27
3636899,14133017,10396,14162000,29
3633578,14133018,355404,14164000,31
3634076,14133019,328868,14160000,27
3635811,14133020,284567,14153000,20
3634841,14133021,32782,14164000,31
3634045,14133022,327863,14164000,31
3635042,14133023,338009,14156000,23
3636511,14133024,55229,14164000,31
3634782,14133025,354432,14153000,20
3636429,14133026,330512,14133000,0
3635641,14133027,33711,14164000,31
3637008,14133028,46944,14153000,20
3634657,14133029,305811,14157000,24
3634016,14133030,336582,14164000,31
3634762,14133031,285196,14156000,23
3635494,14133032,361320,14164000,31
3635602,14133033,36580,14164000,31
3636587,14133034,360956,14164000,31
3634728,14133035,290410,14153000,20
3636231,14133036,322625,14153000,20
3637261,14134001,374375,14153000,19
3637589,14134002,374343,14164000,30
3637585,14134003,277866,14156000,22
3638538,14134004,361276,14153000,19
3639566,14134005,48260,14153000,19
3638173,14134006,41000,14164000,30
3637488,14134007,373254,14164000,30
3638877,14134008,369091,14164000,30
3639658,14134009,372150,14164000,30
3637336,14134010,29993,14164000,30
3637917,14134011,304605,14164000,30
3637859,14134012,332787,14153000,19
3639625,14134013,7008,14153000,19
3637894,14134014,317797,14164000,30
3638368,14134015,26059,14153000,19
3638421,14134016,373504,14164000,30
3641658,14135001,54503,14164000,28
3641133,14135002,44736,14164000,28
3642178,14135003,56771,14164000,28
3640949,14135004,360166,14164000,28
3642979,14135005,374408,14156000,20
3641262,14135006,53190,14153000,17
3640649,14135007,9346,14164000,28
3640934,14135008,9910,14164000,28
3641017,14135009,37986,14155000,19
3641670,14135010,374382,14164000,28
3641402,14135011,47141,14164000,28
3640475,14135012,6042,14164000,28
3641467,14135013,374405,14153000,17
3643840,14135014,43638,14153000,17
3641350,14135015,277542,14164000,28
3641672,14135016,373196,14164000,28
3641687,14135017,329257,14164000,28
3641107,14135018,349590,14164000,28
3643524,14135019,286672,14153000,17
3642356,14135020,335865,14164000,28
3643501,14135021,374445,14164000,28
3642414,14135022,374230,14155000,19
3641752,14135023,8670,14164000,28
3643223,14135024,340696,14153000,17
3640469,14135025,335579,14170000,34
3646834,14136001,10797,14170000,34
3647032,14136002,374450,14157000,21
3645670,14136003,355527,14157000,21
3645642,14136004,336080,14170000,34
3646086,14136005,370791,14160000,24
3646546,14136006,314065,14164000,28
3644146,14136007,374451,14165000,29
3645811,14136008,358979,14153000,17
3644506,14136009,331214,14170000,34
3644525,14136010,321415,14170000,34
3646105,14136011,374471,14170000,34
3645879,14136012,284020,14155000,19
3645534,14136014,293003,14160000,24
3646161,14136015,303410,14153000,17
3646009,14136016,47957,14167000,31
3647232,14136017,331175,14170000,34
3645576,14136018,37042,14160000,24
3648394,14137001,40414,14170000,30
3650802,14137002,371500,14170000,30
3650502,14137003,273862,14160000,20
3647928,14137004,369435,14170000,30
3649014,14137005,328038,14170000,30
3649313,14137006,372521,14170000,30
3647951,14137007,368411,14164000,24
3648856,14137009,273833,14170000,30
3647541,14137010,332136,14170000,30
3648628,14137011,18015,14170000,30
3650448,14137012,287149,14164000,24
3649300,14137013,312383,14161000,21
3649171,14137014,374484,14153000,13
3649861,14137015,369363,14170000,30
3648959,14137016,27342,14160000,20
3650823,14138001,295658,14153000,13
3651513,14138002,298360,14170000,30
3651234,14138003,370511,14170000,30
3650910,14138005,330133,14160000,20
3650996,14138006,359696,14170000,30
3651004,14138007,310261,14153000,13
3650844,14138008,291037,14171000,31
3651190,14138009,315887,14170000,30
3651690,14138010,374346,14160000,20
3654666,14139001,365834,14160000,20
3653120,14139002,297440,14169000,29
3653150,14139003,357385,14160000,20
3653487,14139004,36701,14142000,2
3653285,14139005,354862,14167000,27
3654462,14139006,374509,14167000,27
3655040,14139007,371037,14170000,30
3654144,14139009,327365,14170000,30
3654170,14139010,43405,14170000,30
3657930,14140001,284380,14167000,27
3655248,14140002,321023,14160000,20
3656219,14140003,372601,14167000,27
3658139,14140004,317433,14167000,27
3655997,14140005,373418,14161000,21
3657232,14140006,312847,14157000,17
3655899,14140007,328428,14170000,30
3657901,14140008,312147,14170000,30
3655302,14140009,289328,14167000,27
3655454,14140010,276065,14170000,30
3656307,14140011,295995,14170000,30
3658109,14140012,362094,14160000,20
3655355,14140013,23765,14167000,27
3658470,14140014,320687,14160000,20
3655884,14140015,300932,14161000,21
3658488,14140016,46008,14169000,29
3655936,14140017,370921,14157000,17
3656828,14140018,352511,14170000,30
3655732,14140019,374526,14170000,30
3658080,14140020,297970,14170000,30
3655139,14140021,290841,14167000,27
3655423,14140022,293055,14167000,27
3656014,14140023,297040,14157000,17
3657745,14140024,329473,14167000,27
3658366,14140025,270939,14149000,9
3656452,14140026,298132,14161000,21
3656624,14140027,374542,14156000,16
3655346,14140029,327729,14165000,25
3657517,14140030,310868,14167000,27
3658221,14140031,18404,14161000,21
3656744,14140032,276063,14160000,20
3658531,14140033,277138,14170000,30
3658988,14141001,22050,14160000,19
3660522,14141002,354814,14170000,29
3658977,14141003,29689,14162000,21
3658950,14141004,299386,14170000,29
3660479,14141005,339245,14169000,28
3658864,14141006,374561,14170000,29
3661453,14141007,56846,14170000,29
3661684,14141008,359092,14164000,23
3661213,14141009,372318,14160000,19
3660794,14141010,38094,14170000,29
3660397,14141011,19181,14142000,1
3659178,14141013,332695,14167000,26
3661930,14141014,368753,14170000,29
3659687,14141015,374565,14170000,29
3662181,14141016,279668,14170000,29
3662116,14141017,293512,14170000,29
3661804,14141018,292030,14170000,29
3659783,14141019,374556,14170000,29
3660564,14141020,38842,14164000,23
3659744,14141021,274004,14149000,8
3659159,14141022,38533,14165000,24
3662225,14141023,23244,14171000,30
3660319,14141024,374571,14164000,23
3660318,14141025,30668,14142000,1
3661644,14141026,36766,14157000,16
3660111,14141027,43814,14171000,30
3659520,14141029,25432,14142000,1
3659961,14141030,19489,14161000,20
3660887,14141031,280784,14142000,1
3661125,14141032,374554,14171000,30
3658954,14141033,50948,14171000,30
3661885,14141034,47913,14161000,20
3659400,14141035,373035,14171000,30
3659212,14141036,25152,14169000,28
3660275,14141037,296031,14162000,21
3661901,14141038,318316,14142000,1
3660860,14141039,9216,14162000,21
3662634,14142001,292028,14164000,22
3662534,14142002,293361,14161000,19
3663348,14142003,28702,14170000,28
3662415,14142004,39218,14165000,23
3663749,14142005,48516,14160000,18
3664415,14142006,33272,14170000,28
3663463,14142007,38837,14157000,15
3664023,14142008,12310,14170000,28
3662858,14142009,330539,14170000,28
3662438,14142010,275265,14170000,28
3664491,14142011,284431,14160000,18
3662598,14142012,33011,14162000,20
3663339,14142013,24206,14171000,29
3663225,14142014,44488,14164000,22
3664958,14142015,337174,14171000,29
3663633,14142016,30746,14171000,29
3664739,14142017,370463,14162000,20
3663234,14142018,37696,14170000,28
3665623,14142019,332853,14170000,28
3668618,14143001,40420,14169000,22
3668996,14143002,357613,14169000,22
3669239,14143003,372593,14171000,24
3666045,14143005,362362,14171000,24
3668022,14143006,39089,14165000,18
3666709,14143007,31285,14171000,24
3669114,14143008,324988,14160000,13
3667881,14143009,330898,14171000,24
3666337,14143010,45582,14160000,13
3666642,14143011,27442,14161000,14
3668339,14143012,374452,14162000,15
3669211,14143013,354432,14149000,2
3667241,14143014,329433,14171000,24
3666457,14143015,374576,14160000,13
3669635,14144001,321019,14170000,23
3671006,14144002,319942,14149000,2
3671815,14144003,374419,14171000,24
3672123,14144004,374652,14165000,18
3670160,14144005,364260,14170000,23
3671640,14144006,317019,14171000,24
3670526,14144007,7455,14162000,15
3670787,14144008,374543,14171000,24
3670223,14144009,36237,14170000,23
3672195,14144010,28363,14167000,20
3670950,14144011,323087,14163000,16
3670501,14144012,366788,14171000,24
3672182,14144013,373366,14171000,24
3670215,14144014,330538,14160000,13
3672104,14144015,294589,14170000,23
3670347,14144016,287638,14161000,14
3670956,14144017,280283,14171000,24
3671799,14144018,41583,14171000,24
3671561,14144019,14945,14171000,24
3670859,14144020,304521,14161000,14
3670539,14144021,374646,14171000,24
3671141,14144022,24150,14170000,23
3669633,14144023,362264,14171000,24
3672372,14144024,372846,14164000,17
3670171,14144025,38764,14161000,14
3670169,14144026,312850,14165000,18
3670920,14144027,324879,14160000,13
3669817,14144028,295771,14157000,10
3670056,14144029,312258,14162000,15
3673954,14145001,373698,14171000,24
3673549,14145002,374667,14170000,23
3673184,14145003,374666,14170000,23
3674154,14145004,374669,14169000,22
3674268,14145005,374668,14170000,23
3674422,14145006,351563,14171000,24
3674732,14145007,25753,14161000,14
3673461,14145008,313851,14171000,24
3673181,14145009,361385,14171000,24
3672833,14145010,19770,14170000,23
3675436,14146001,374686,14161000,14
3675289,14146002,292390,14170000,23
3677298,14146003,339442,14171000,24
3675127,14146004,281828,14161000,14
3675575,14146005,29767,14171000,24
3676896,14146006,281414,14171000,24
3678191,14147001,351327,14161000,8
3678005,14147002,370179,14171000,18
3678434,14147003,366341,14170000,17
3678605,14147004,370462,14171000,18
3678351,14147005,6592,14171000,18
3678322,14147006,306872,14171000,18
3678521,14147007,281070,14171000,18
3678989,14147008,374702,14171000,18
3677750,14147009,374306,14160000,7
3678756,14147010,374700,14160000,7
3678419,14147011,314547,14170000,17
3677530,14147012,46701,14165000,12
3677641,14147013,374691,14171000,18
3677840,14147014,33543,14171000,18
3680424,14148001,374711,14161000,8
3681949,14148002,11469,14171000,18
3682035,14148003,325440,14164000,11
3681686,14148004,302979,14171000,18
3680992,14148005,39363,14170000,17
3680746,14148006,333463,14170000,17
3680396,14148007,6143,14157000,4
3680120,14148008,16749,14161000,8
3682303,14148009,358518,14174000,21
3682664,14148010,310792,14161000,8
3679548,14148011,51908,14168000,15
3681768,14148012,51815,14170000,17
3680767,14148013,368379,14161000,8
3679669,14148014,24798,14170000,17
3680512,14148015,44087,14168000,15
3679995,14148016,35059,14167000,14
3680625,14148017,328744,14160000,7
3679711,14148018,374707,14171000,18
3681550,14148019,331257,14174000,21
3680134,14148020,365359,14162000,9
3685459,14149001,307100,14174000,21
3684110,14149002,371619,14174000,21
3685641,14149003,374579,14162000,9
3684831,14149004,16604,14170000,17
3683457,14149005,364069,14174000,21
3685227,14149006,355690,14174000,21
3683812,14149007,331879,14174000,21
3684348,14149008,278049,14168000,15
3683161,14149009,374737,14174000,21
3683064,14149010,374376,14171000,18
3683635,14149011,374508,14174000,21
3683700,14149012,374739,14164000,11
3686228,14149013,308453,14161000,8
3685407,14149014,289386,14174000,21
3682874,14149015,367062,14174000,21
3683089,14149016,339447,14165000,12
3683981,14149017,374746,14174000,21
3686057,14149018,365554,14164000,11
3683571,14149019,43285,14175000,22
3683974,14149020,349607,14174000,21
3685363,14149021,36525,14177000,24
3683938,14149022,296222,14174000,21
3683769,14149023,282204,14174000,21
3683924,14149024,18448,14167000,14
3684765,14149025,340532,14167000,14
3684628,14149026,362374,14174000,21
3683780,14149027,28643,14169000,16
3687126,14150001,275421,14167000,14
3689608,14150002,23450,14177000,24
3689649,14150003,372621,14174000,21
3687155,14150005,374767,14174000,21
3688529,14150006,43063,14174000,21
3687003,14150007,277205,14174000,21
3687577,14150008,374778,14165000,12
3687737,14150009,374780,14167000,14
3689810,14150010,367186,14167000,14
3686772,14150011,26047,14169000,16
3687983,14150012,281845,14174000,21
3689589,14150013,47617,14171000,18
3687937,14150014,305823,14177000,24
3687083,14150015,36498,14167000,14
3687851,14150016,476638,14174000,21
3688318,14150017,374042,14174000,21
3688371,14150018,28410,14174000,21
3687969,14150019,373377,14165000,12
