request_id,request_seniority,request_pid,request_end,request_duration
3546775,14104001,15716,14136000,32
3547728,14104002,369749,14136000,32
3547460,14104003,319935,14136000,32
3546126,14104004,322598,14149000,45
3547650,14104005,28435,14149000,45
3551785,14105001,311078,14108000,3
3550980,14105002,334997,14149000,44
3549904,14105003,54482,14114000,9
3548566,14105004,373729,14149000,44
3550870,14105005,329405,14136000,31
3548341,14105006,302356,14149000,44
3548447,14105007,26723,14132000,27
3550226,14105008,293588,14149000,44
3552175,14105009,36701,14108000,3
3550431,14105010,314907,14136000,31
3550136,14105011,8080,14134000,29
3549043,14105012,364774,14149000,44
3549713,14105013,362075,14134000,29
3549456,14105014,368868,14149000,44
3550140,14105015,306850,14149000,44
3548856,14105016,218924,14136000,31
3550065,14105017,339963,14149000,44
3552248,14105018,307589,14142000,37
3550578,14105019,21074,14149000,44
3551282,14105020,370593,14149000,44
3549150,14105021,368371,14134000,29
3548427,14105022,20765,14149000,44
3548775,14105023,371485,14149000,44
3549628,14105024,48053,14136000,31
3551761,14105025,366208,14149000,44
3549786,14105026,303982,14132000,27
3548650,14105027,56389,14134000,29
3550116,14105028,296031,14136000,31
3550686,14105029,368133,14149000,44
3553645,14106001,329640,14136000,30
3553883,14106002,275421,14149000,43
3555851,14106003,52244,14142000,36
3555989,14106004,299879,14136000,30
3554216,14106005,372826,14136000,30
3552315,14106006,333463,14136000,30
3554487,14106007,31018,14149000,43
3553972,14106008,36308,14136000,30
3554479,14106009,39363,14136000,30
3554214,14106010,301760,14149000,43
3552463,14106011,335702,14132000,26
3553829,14106012,364444,14136000,30
3556081,14106013,330668,14149000,43
3553962,14106014,362347,14149000,43
3555633,14106015,330946,14149000,43
3555453,14106016,356785,14149000,43
3552500,14106017,291675,14141000,35
3553022,14106018,323209,14149000,43
3553297,14106019,373756,14136000,30
3554950,14106020,331035,14136000,30
3554665,14106021,43825,14149000,43
3555005,14106022,294436,14149000,43
3555506,14106023,312305,14136000,30
3552604,14106024,355639,14141000,35
3554457,14106025,373760,14149000,43
3552823,14106026,292940,14149000,43
3552882,14106027,373753,14149000,43
3554453,14106028,373578,14149000,43
3556035,14106029,373769,14149000,43
3555198,14106030,336158,14134000,28
3554696,14106031,363298,14149000,43
3553655,14106032,355122,14136000,30
3553338,14106033,326026,14133000,27
3556443,14107001,297453,14149000,42
3557329,14107002,373768,14149000,42
3558587,14107003,47925,14136000,29
3557030,14107004,340696,14132000,25
3556928,14107005,331879,14149000,42
3556129,14107006,329309,14108000,1
3556157,14107007,279417,14136000,29
3557395,14107008,239860,14149000,42
3556207,14107009,310274,14149000,42
3559463,14107010,371458,14149000,42
3558531,14107011,314350,14149000,42
3559166,14107012,373744,14149000,42
3556459,14107013,311167,14149000,42
3556202,14107014,291756,14149000,42
3558697,14107015,44981,14118000,11
3558725,14107016,365593,14136000,29
3557440,14107018,373781,14149000,42
3557118,14107019,362810,14149000,42
3559119,14107020,370159,14149000,42
3558628,14107021,37510,14149000,42
3563414,14108001,299793,14149000,41
3561637,14108002,39754,14108000,0
3562374,14108003,373823,14149000,41
3560500,14108004,371256,14140000,32
3562026,14108005,368813,14149000,41
3559623,14108006,39379,14136000,28
3560909,14108007,15261,14149000,41
3563028,14108008,338232,14149000,41
3562891,14108009,373386,14149000,41
3561202,14108010,305823,14149000,41
3560613,14108011,16833,14149000,41
3562602,14108012,330201,14149000,41
3559539,14108013,373807,14149000,41
3559619,14108014,315686,14149000,41
3560755,14108015,343399,14149000,41
3559867,14108016,44595,14149000,41
3560051,14108017,279883,14149000,41
3562107,14108018,293097,14149000,41
3562465,14108019,373676,14136000,28
3565510,14109001,276371,14149000,38
3564257,14109003,49056,14114000,3
3564210,14109004,28761,14149000,38
3565478,14109005,320978,14141000,30
3563546,14109006,362834,14136000,25
3564008,14109007,45412,14149000,38
3565520,14109008,373592,14112000,1
3565061,14109009,322815,14149000,38
3565877,14109010,372320,14112000,1
3565605,14109011,338904,14149000,38
3565581,14109012,293219,14125000,14
3564132,14109013,352000,14118000,7
3565542,14109014,373656,14125000,14
3566262,14109015,372534,14149000,38
3564388,14109016,371570,14112000,1
3564456,14109017,292609,14136000,25
3564222,14109018,39088,14136000,25
3566279,14109019,12574,14113000,2
3564446,14109020,321119,14149000,38
3563564,14109021,373834,14149000,38
3563580,14109022,373831,14149000,38
3567240,14110001,292390,14142000,31
3567663,14110002,12372,14136000,25
3568915,14110003,369912,14149000,38
3568892,14110004,21698,14149000,38
3567117,14110005,278614,14140000,29
3568371,14110006,368728,14112000,1
3568318,14110007,360611,14149000,38
3569065,14111001,308208,14149000,38
3570927,14111002,373893,14149000,38
3570514,14111003,282758,14149000,38
3570039,14111004,332695,14112000,1
3569215,14111005,290586,14136000,25
3571070,14111006,364749,14149000,38
3571359,14112001,17745,14149000,37
3571406,14112002,373897,14114000,2
3574464,14112003,321890,14149000,37
3571374,14112004,373896,14141000,29
3574485,14112005,288384,14113000,1
3572944,14112006,278362,14112000,0
3571403,14112007,39468,14141000,29
3573049,14112008,372350,14149000,37
3574684,14112009,326632,14136000,24
3574160,14112010,373915,14149000,37
3571546,14112011,33124,14140000,28
3571893,14112012,359146,14136000,24
3572608,14112013,55499,14149000,37
3574273,14112014,360913,14118000,6
3571582,14112015,295101,14114000,2
3572399,14112016,304725,14140000,28
3574169,14112017,332615,14136000,24
3571620,14112018,276315,14136000,24
3574098,14112019,363187,14149000,37
3573628,14112020,34797,14149000,37
3571272,14112021,373114,14149000,37
3573471,14112022,338596,14149000,37
3572782,14112023,372319,14149000,37
3572131,14112024,373881,14149000,37
3571455,14112025,373886,14149000,37
3571631,14112026,373868,14113000,1
3571484,14112027,21347,14149000,37
3571909,14112028,16585,14149000,37
3574564,14112029,325289,14149000,37
3571742,14112030,368996,14136000,24
3573896,14112031,365991,14149000,37
3574726,14112032,40996,14141000,29
3571510,14112033,10140,14149000,37
3577195,14113001,55211,14136000,23
3574927,14113002,37392,14149000,36
3575732,14113003,47264,14113000,0
3577692,14113004,373932,14149000,36
3576266,14113005,313789,14149000,36
3577330,14113006,373612,14114000,1
3577694,14113007,6056,14114000,1
3576348,14113008,373765,14149000,36
3579694,14114001,36498,14136000,22
3580645,14114002,51888,14136000,22
3578288,14114003,284963,14149000,35
3578138,14114004,373828,14149000,35
3578700,14114005,42405,14136000,22
3580660,14114006,366273,14142000,28
3578815,14114007,297011,14149000,35
3577856,14114008,354632,14149000,35
3578195,14114009,27946,14157000,43
3580942,14114010,299022,14149000,35
3577949,14114011,298329,14149000,35
3578929,14114012,336251,14149000,35
3577982,14114013,276836,14149000,35
3578115,14114014,36506,14149000,35
3580404,14114015,26577,14149000,35
3578638,14114016,334037,14149000,35
3580051,14114017,368591,14149000,35
3581066,14114018,296382,14149000,35
3578979,14114019,286466,14149000,35
3580115,14114020,293451,14149000,35
3580285,14114021,373916,14114000,0
3578829,14114022,354930,14149000,35
3578891,14114023,284853,14141000,27
3578014,14114024,373933,14149000,35
3579742,14114025,368809,14149000,35
3581153,14115001,32853,14149000,34
3583923,14115002,308815,14118000,3
3581310,14115003,373920,14149000,34
3581224,14115004,38035,14118000,3
3582843,14115006,353579,14149000,34
3582968,14115007,373924,14118000,3
3581756,14115008,336657,14140000,25
3582650,14115009,26426,14149000,34
3581840,14115010,327704,14149000,34
3582876,14115011,338552,14142000,27
3581792,14115012,373918,14153000,38
3581313,14115013,354157,14136000,21
3582081,14115014,331205,14149000,34
3584002,14115015,15374,14149000,34
3582003,14115016,339356,14153000,38
3583666,14115017,22787,14140000,25
3585096,14116001,276234,14153000,35
3584827,14116002,35068,14149000,31
3584231,14116003,272042,14149000,31
3584364,14116004,10437,14136000,18
3585828,14116005,10063,14153000,35
3586534,14116006,352957,14149000,31
3585080,14116007,336648,14140000,22
3584981,14116008,373989,14141000,23
3586123,14116009,365678,14149000,31
3586423,14116010,26216,14149000,31
3584266,14116011,373982,14153000,35
3585343,14116012,309177,14136000,18
3584325,14116013,275445,14149000,31
3585349,14116014,15773,14149000,31
3586363,14116015,373999,14149000,31
3584467,14116016,371416,14118000,0
3588378,14117001,267857,14142000,24
3588160,14117002,374024,14119000,1
3588404,14117003,29101,14125000,7
3588893,14117004,327226,14149000,31
3587561,14117005,325787,14153000,35
3588534,14117006,356235,14118000,0
3587910,14117007,374023,14153000,35
3587693,14117008,369534,14149000,31
3587619,14117009,371134,14153000,35
3587361,14117010,374019,14136000,18
3587137,14117011,320296,14149000,31
3588228,14117012,280094,14153000,35
3587205,14117013,374014,14149000,31
3587368,14117014,33222,14153000,35
3590789,14118001,355894,14149000,31
3589142,14118002,306439,14153000,35
3589150,14118003,287625,14132000,14
3590266,14118004,336692,14141000,23
3589370,14118005,370513,14153000,35
3590248,14118006,363706,14153000,35
3591033,14118007,368984,14149000,31
3590675,14118008,368305,14153000,35
3589986,14118009,372703,14140000,22
3590333,14118010,512268,14153000,35
3589129,14118011,47617,14136000,18
3590908,14118012,362330,14136000,18
3594742,14119001,374062,14149000,30
3592829,14119002,326146,14120000,1
3594064,14119003,281857,14149000,30
3591993,14119004,44904,14153000,34
3595197,14119005,309660,14153000,34
3594086,14119006,29677,14149000,30
3593583,14119007,367321,14141000,22
3591408,14119008,374039,14149000,30
3591745,14119009,17990,14153000,34
3593412,14119010,334750,14149000,30
3591517,14119011,374042,14149000,30
3591909,14119012,373913,14149000,30
3591571,14119013,369173,14153000,34
3594347,14119014,32592,14153000,34
3591487,14119015,56088,14136000,17
3594743,14119016,14999,14153000,34
3594505,14119017,31421,14149000,30
3594143,14119018,363689,14149000,30
3591484,14119019,364570,14149000,30
3593137,14119020,311314,14142000,23
3591519,14119021,374032,14153000,34
3596909,14120001,26304,14136000,16
3597454,14120002,330487,14149000,29
3597980,14120003,373658,14149000,29
3595349,14120004,320122,14141000,21
3596399,14120005,8666,14153000,33
3595930,14120006,325954,14149000,29
3595770,14120007,37547,14149000,29
3596378,14120008,374066,14149000,29
3596997,14120009,366460,14149000,29
3595707,14120010,374067,14149000,29
3598199,14120011,372435,14149000,29
3597651,14120012,305000,14149000,29
3595873,14120013,370905,14149000,29
3595505,14120014,374065,14153000,33
3598731,14121001,374052,14125000,4
3599055,14121002,20665,14136000,15
3599199,14121003,281251,14136000,15
3599060,14121004,365488,14157000,36
3600150,14121005,370662,14149000,28
3599141,14121006,284064,14149000,28
3601414,14121007,285208,14136000,15
3600830,14121008,362282,14136000,15
3601338,14121009,34944,14140000,19
3600271,14121010,7902,14149000,28
3600368,14121011,374093,14157000,36
3599881,14121012,373699,14149000,28
3599692,14121013,302855,14157000,36
3599429,14121014,32593,14157000,36
3599592,14121015,374074,14157000,36
3598836,14121016,25602,14149000,28
3599363,14121017,22035,14157000,36
3598379,14121018,264661,14140000,19
3602218,14122001,276241,14149000,27
3604499,14122002,374130,14149000,27
3603847,14122003,374135,14157000,35
3602621,14122004,314561,14141000,19
3604259,14122005,373690,14157000,35
3602508,14122006,333550,14136000,14
3602090,14122007,338766,14157000,35
3602273,14122008,6620,14142000,20
3603508,14122009,329394,14136000,14
3602543,14122010,39439,14157000,35
3601933,14122011,368200,14136000,14
3604446,14122012,314898,14140000,18
3604390,14122013,358100,14149000,27
3603624,14122014,19014,14149000,27
3603901,14122015,373778,14153000,31
3601592,14122016,359334,14157000,35
3602331,14122017,41086,14153000,31
3604109,14122018,278850,14149000,27
3603617,14122019,335058,14140000,18
3604513,14122020,27701,14149000,27
3602489,14122021,338453,14157000,35
3602886,14122022,373954,14157000,35
3605737,14123001,338191,14157000,32
3605220,14123002,374088,14136000,11
3607309,14123003,374164,14157000,32
3607970,14123004,374108,14149000,24
3605682,14123005,39958,14149000,24
3607924,14123007,331020,14149000,24
3607435,14123008,308219,14128000,3
3605232,14123009,19219,14157000,32
3606564,14123010,285413,14149000,24
3605208,14123011,365399,14141000,16
3606972,14123012,43156,14136000,11
3605794,14123014,37261,14153000,28
3605569,14123015,19958,14149000,24
3605868,14123016,374149,14149000,24
3605805,14123017,44167,14153000,28
3605095,14123018,9788,14157000,32
3607283,14123019,374163,14136000,11
3608172,14124001,336710,14153000,28
3608299,14124002,12015,14149000,24
3609659,14124003,44727,14149000,24
3608700,14124004,371058,14142000,17
3608419,14124005,285155,14157000,32
3609981,14124006,24173,14149000,24
3608684,14124007,306207,14142000,17
3608464,14124008,374165,14149000,24
3608393,14124009,374171,14149000,24
3608947,14124010,14787,14157000,32
3608197,14124011,308027,14125000,0
3608417,14124012,372358,14136000,11
3608506,14124013,374024,14157000,32
3608155,14124014,374167,14157000,32
3608263,14124015,373727,14157000,32
3610495,14125001,374185,14157000,32
3611522,14125002,293469,14157000,32
3610774,14125003,38435,14157000,32
3610722,14125004,368735,14136000,11
3611269,14125005,290745,14157000,32
3610983,14125006,29741,14160000,35
3614617,14126001,339114,14171000,45
3615663,14126002,280840,14153000,27
3615183,14126003,53808,14160000,34
3615033,14126004,276838,14160000,34
3612614,14126005,360896,14136000,10
3615562,14126006,331536,14136000,10
3612802,14126007,338396,14153000,27
3615119,14126008,38546,14126000,0
3614516,14126009,370666,14149000,23
3614639,14126010,367194,14149000,23
3614528,14126011,299799,14160000,34
3614470,14126012,357688,14153000,27
3613059,14126013,330027,14149000,23
3613450,14126014,365165,14160000,34
3613161,14126015,297907,14156000,30
3612509,14126016,16224,14157000,31
3615087,14126017,359679,14160000,34
3612175,14126018,19983,14160000,34
3614191,14126019,35553,14153000,27
3614783,14126020,318472,14155000,29
3613294,14126021,322213,14126000,0
3613707,14126022,290550,14157000,31
3615638,14126023,374211,14160000,34
3612128,14126024,374214,14160000,34
3612452,14126025,309640,14157000,31
3613028,14126026,372532,14160000,34
3612804,14126027,374220,14153000,27
3615521,14126028,374210,14160000,34
3614174,14126030,292746,14153000,27
3616417,14127001,320685,14153000,26
3617538,14127002,36884,14153000,26
3616975,14127003,311703,14157000,30
3617277,14127004,362685,14149000,22
3618778,14127005,374127,14160000,33
3618200,14127006,359979,14157000,30
3616461,14127007,336054,14149000,22
3618270,14127009,363686,14153000,26
3618201,14127010,367431,14149000,22
3616469,14127011,374231,14157000,30
3616636,14127012,371553,14160000,33
3615938,14127013,348473,14155000,28
3616897,14127014,374238,14160000,33
3616541,14127015,374234,14157000,30
3618225,14127016,36022,14153000,26
3616233,14127017,369873,14160000,33
3616614,14127018,293754,14157000,30
3619222,14127019,14806,14160000,33
3616255,14127020,300733,14160000,33
3617212,14127021,362884,14164000,37
3618820,14127022,56623,14155000,28
3616435,14127023,29850,14153000,26
3618515,14127024,305769,14157000,30
3619028,14127025,370043,14160000,33
3616654,14127026,33705,14153000,26
3621392,14128001,373039,14164000,35
3621687,14128003,40131,14153000,24
3622422,14128004,364764,14164000,35
3619459,14128005,36298,14149000,20
3620357,14128006,374254,14149000,20
3621865,14128007,354261,14160000,31
3621584,14128008,275104,14157000,28
3621607,14128009,302001,14157000,28
3620894,14128010,326778,14164000,35
3621287,14128011,322213,14153000,24
3619618,14128012,290259,14149000,20
3620578,14128013,47220,14164000,35
3621107,14128014,366411,14162000,33
3620309,14128015,374261,14157000,28
3620293,14128016,43857,14164000,35
3619393,14128017,355585,14160000,31
3620110,14128018,309759,14157000,28
3621203,14128019,349786,14164000,35
3620181,14128020,36715,14157000,28
3624982,14129001,290350,14162000,33
3623548,14129002,46689,14153000,24
3622836,14129003,51210,14162000,33
3624417,14129004,354788,14164000,35
3624269,14129005,9432,14164000,35
3624203,14129006,320884,14161000,32
3625255,14129007,352293,14161000,32
3623246,14129008,44981,14149000,20
3623939,14129009,51498,14164000,35
3624931,14129010,374302,14164000,35
3625310,14129011,369732,14149000,20
3622869,14129012,356235,14157000,28
3624140,14129013,362474,14157000,28
3623722,14129014,296392,14149000,20
3623155,14129015,297446,14153000,24
3625010,14129016,285713,14149000,20
3628743,14130001,41110,14164000,32
3626395,14130002,297016,14157000,25
3626859,14130003,37901,14149000,17
3628232,14130004,320853,14153000,21
3628280,14130005,48487,14164000,32
3626727,14130006,364961,14157000,25
3626705,14130007,350471,14164000,32
3628356,14130008,278172,14157000,25
3626904,14130009,296854,14157000,25
3626929,14130010,22931,14157000,25
3628014,14130011,374215,14153000,21
3628015,14130012,374293,14164000,32
3627042,14130013,285060,14164000,32
3627712,14130014,336182,14153000,21
3626411,14130015,28451,14157000,25
3626840,14130016,366424,14153000,21
3626150,14130017,327727,14134000,2
3631196,14131001,11649,14164000,32
3629323,14131002,3397,14155000,23
3630097,14131003,333353,14164000,32
3630148,14131004,47968,14160000,28
3629115,14131005,317850,14155000,23
3629168,14131006,277870,14153000,21
3629801,14131007,367713,14164000,32
3631340,14132001,363503,14162000,30
3633114,14132002,51693,14153000,21
3632193,14132003,370700,14149000,17
3632541,14132004,29074,14157000,25
3631744,14132005,24363,14155000,23
3631557,14132006,364196,14153000,21
3633120,14132007,304839,14153000,21
3633129,14132008,51099,14153000,21
3631373,14132009,24816,14164000,32
3632488,14132010,334740,14155000,23
3632895,14132011,315358,14153000,21
3631960,14132012,363281,14160000,28
3632620,14132013,290829,14164000,32
3631593,14132014,327105,14160000,28
3633305,14132015,336625,14153000,21
3631418,14132016,373176,14157000,25
3631372,14132017,321004,14153000,21
3632579,14132018,310134,14155000,23
3633520,14133001,301480,14164000,31
3633774,14133002,374353,14160000,27
3634599,14133003,374117,14160000,27
3636790,14133004,367279,14153000,20
3634481,14133005,368488,14164000,31
3634271,14133006,374356,14164000,31
3634314,14133007,365704,14156000,23
3635620,14133008,21402,14162000,29
3635925,14133009,330242,14164000,31
3635827,14133010,333565,14153000,20
3635793,14133011,356129,14153000,20
3636371,14133012,49290,14156000,23
3633721,14133013,366919,14149000,16
3635635,14133014,366773,14160000,27
3637085,14133015,18632,14153000,20
3635093,14133016,374268,14160000,27
3636899,14133017,10396,14162000,29
3633578,14133018,355404,14164000,31
3634076,14133019,328868,14160000,27
3635811,14133020,284567,14153000,20
3634841,14133021,32782,14164000,31
3634045,14133022,327863,14164000,31
3635042,14133023,338009,14156000,23
3636511,14133024,55229,14164000,31
3634782,14133025,354432,14153000,20
3636429,14133026,330512,14133000,0
3635641,14133027,33711,14164000,31
3637008,14133028,46944,14153000,20
3634657,14133029,305811,14157000,24
3634016,14133030,336582,14164000,31
3634762,14133031,285196,14156000,23
3635494,14133032,361320,14164000,31
3635602,14133033,36580,14164000,31
3636587,14133034,360956,14164000,31
3634728,14133035,290410,14153000,20
3636231,14133036,322625,14153000,20
3637261,14134001,374375,14153000,19
3637589,14134002,374343,14164000,30
3637585,14134003,277866,14156000,22
3638538,14134004,361276,14153000,19
3639566,14134005,48260,14153000,19
3638173,14134006,41000,14164000,30
3637488,14134007,373254,14164000,30
3638877,14134008,369091,14164000,30
3639658,14134009,372150,14164000,30
3637336,14134010,29993,14164000,30
3637917,14134011,304605,14164000,30
3637859,14134012,332787,14153000,19
3639625,14134013,7008,14153000,19
3637894,14134014,317797,14164000,30
3638368,14134015,26059,14153000,19
3638421,14134016,373504,14164000,30
3641658,14135001,54503,14164000,28
3641133,14135002,44736,14164000,28
3642178,14135003,56771,14164000,28
3640949,14135004,360166,14164000,28
3642979,14135005,374408,14156000,20
3641262,14135006,53190,14153000,17
3640649,14135007,9346,14164000,28
3640934,14135008,9910,14164000,28
3641017,14135009,37986,14155000,19
3641670,14135010,374382,14164000,28
3641402,14135011,47141,14164000,28
3640475,14135012,6042,14164000,28
3641467,14135013,374405,14153000,17
3643840,14135014,43638,14153000,17
3641350,14135015,277542,14164000,28
3641672,14135016,373196,14164000,28
3641687,14135017,329257,14164000,28
3641107,14135018,349590,14164000,28
3643524,14135019,286672,14153000,17
3642356,14135020,335865,14164000,28
3643501,14135021,374445,14164000,28
3642414,14135022,374230,14155000,19
3641752,14135023,8670,14164000,28
3643223,14135024,340696,14153000,17
3640469,14135025,335579,14170000,34
3646834,14136001,10797,14170000,34
3647032,14136002,374450,14157000,21
3645670,14136003,355527,14157000,21
3645642,14136004,336080,14170000,34
3646086,14136005,370791,14160000,24
3646546,14136006,314065,14164000,28
3644146,14136007,374451,14165000,29
3645811,14136008,358979,14153000,17
3644506,14136009,331214,14170000,34
3644525,14136010,321415,14170000,34
3646105,14136011,374471,14170000,34
3645879,14136012,284020,14155000,19
3645534,14136014,293003,14160000,24
3646161,14136015,303410,14153000,17
3646009,14136016,47957,14167000,31
3647232,14136017,331175,14170000,34
3645576,14136018,37042,14160000,24
3648394,14137001,40414,14170000,30
3650802,14137002,371500,14170000,30
3650502,14137003,273862,14160000,20
3647928,14137004,369435,14170000,30
3649014,14137005,328038,14170000,30
3649313,14137006,372521,14170000,30
3647951,14137007,368411,14164000,24
3648856,14137009,273833,14170000,30
3647541,14137010,332136,14170000,30
3648628,14137011,18015,14170000,30
3650448,14137012,287149,14164000,24
3649300,14137013,312383,14161000,21
3649171,14137014,374484,14153000,13
3649861,14137015,369363,14170000,30
3648959,14137016,27342,14160000,20
3650823,14138001,295658,14153000,13
3651513,14138002,298360,14170000,30
3651234,14138003,370511,14170000,30
3650910,14138005,330133,14160000,20
3650996,14138006,359696,14170000,30
3651004,14138007,310261,14153000,13
3650844,14138008,291037,14171000,31
3651190,14138009,315887,14170000,30
3651690,14138010,374346,14160000,20
3654666,14139001,365834,14160000,20
3653120,14139002,297440,14169000,29
3653150,14139003,357385,14160000,20
3653487,14139004,36701,14142000,2
3653285,14139005,354862,14167000,27
3654462,14139006,374509,14167000,27
3655040,14139007,371037,14170000,30
3654144,14139009,327365,14170000,30
3654170,14139010,43405,14170000,30
3657930,14140001,284380,14167000,27
3655248,14140002,321023,14160000,20
3656219,14140003,372601,14167000,27
3658139,14140004,317433,14167000,27
3655997,14140005,373418,14161000,21
3657232,14140006,312847,14157000,17
3655899,14140007,328428,14170000,30
3657901,14140008,312147,14170000,30
3655302,14140009,289328,14167000,27
3655454,14140010,276065,14170000,30
3656307,14140011,295995,14170000,30
3658109,14140012,362094,14160000,20
3655355,14140013,23765,14167000,27
3658470,14140014,320687,14160000,20
3655884,14140015,300932,14161000,21
3658488,14140016,46008,14169000,29
3655936,14140017,370921,14157000,17
3656828,14140018,352511,14170000,30
3655732,14140019,374526,14170000,30
3658080,14140020,297970,14170000,30
3655139,14140021,290841,14167000,27
3655423,14140022,293055,14167000,27
3656014,14140023,297040,14157000,17
3657745,14140024,329473,14167000,27
3658366,14140025,270939,14149000,9
3656452,14140026,298132,14161000,21
3656624,14140027,374542,14156000,16
3655346,14140029,327729,14165000,25
3657517,14140030,310868,14167000,27
3658221,14140031,18404,14161000,21
3656744,14140032,276063,14160000,20
3658531,14140033,277138,14170000,30
3658988,14141001,22050,14160000,19
3660522,14141002,354814,14170000,29
3658977,14141003,29689,14162000,21
3658950,14141004,299386,14170000,29
3660479,14141005,339245,14169000,28
3658864,14141006,374561,14170000,29
3661453,14141007,56846,14170000,29
3661684,14141008,359092,14164000,23
3661213,14141009,372318,14160000,19
3660794,14141010,38094,14170000,29
3660397,14141011,19181,14142000,1
3659178,14141013,332695,14167000,26
3661930,14141014,368753,14170000,29
3659687,14141015,374565,14170000,29
3662181,14141016,279668,14170000,29
3662116,14141017,293512,14170000,29
3661804,14141018,292030,14170000,29
3659783,14141019,374556,14170000,29
3660564,14141020,38842,14164000,23
3659744,14141021,274004,14149000,8
3659159,14141022,38533,14165000,24
3662225,14141023,23244,14171000,30
3660319,14141024,374571,14164000,23
3660318,14141025,30668,14142000,1
3661644,14141026,36766,14157000,16
3660111,14141027,43814,14171000,30
3659520,14141029,25432,14142000,1
3659961,14141030,19489,14161000,20
3660887,14141031,280784,14142000,1
3661125,14141032,374554,14171000,30
3658954,14141033,50948,14171000,30
3661885,14141034,47913,14161000,20
3659400,14141035,373035,14171000,30
3659212,14141036,25152,14169000,28
3660275,14141037,296031,14162000,21
3661901,14141038,318316,14142000,1
3660860,14141039,9216,14162000,21
3662634,14142001,292028,14164000,22
3662534,14142002,293361,14161000,19
3663348,14142003,28702,14170000,28
3662415,14142004,39218,14165000,23
3663749,14142005,48516,14160000,18
3664415,14142006,33272,14170000,28
3663463,14142007,38837,14157000,15
3664023,14142008,12310,14170000,28
3662858,14142009,330539,14170000,28
3662438,14142010,275265,14170000,28
3664491,14142011,284431,14160000,18
3662598,14142012,33011,14162000,20
3663339,14142013,24206,14171000,29
3663225,14142014,44488,14164000,22
3664958,14142015,337174,14171000,29
3663633,14142016,30746,14171000,29
3664739,14142017,370463,14162000,20
3663234,14142018,37696,14170000,28
3665623,14142019,332853,14170000,28
3668618,14143001,40420,14169000,22
3668996,14143002,357613,14169000,22
3669239,14143003,372593,14171000,24
3666045,14143005,362362,14171000,24
3668022,14143006,39089,14165000,18
3666709,14143007,31285,14171000,24
3669114,14143008,324988,14160000,13
3667881,14143009,330898,14171000,24
3666337,14143010,45582,14160000,13
3666642,14143011,27442,14161000,14
3668339,14143012,374452,14162000,15
3669211,14143013,354432,14149000,2
3667241,14143014,329433,14171000,24
3666457,14143015,374576,14160000,13
3669635,14144001,321019,14170000,23
3671006,14144002,319942,14149000,2
3671815,14144003,374419,14171000,24
3672123,14144004,374652,14165000,18
3670160,14144005,364260,14170000,23
3671640,14144006,317019,14171000,24
3670526,14144007,7455,14162000,15
3670787,14144008,374543,14171000,24
3670223,14144009,36237,14170000,23
3672195,14144010,28363,14167000,20
3670950,14144011,323087,14163000,16
3670501,14144012,366788,14171000,24
3672182,14144013,373366,14171000,24
3670215,14144014,330538,14160000,13
3672104,14144015,294589,14170000,23
3670347,14144016,287638,14161000,14
3670956,14144017,280283,14171000,24
3671799,14144018,41583,14171000,24
3671561,14144019,14945,14171000,24
3670859,14144020,304521,14161000,14
3670539,14144021,374646,14171000,24
3671141,14144022,24150,14170000,23
3669633,14144023,362264,14171000,24
3672372,14144024,372846,14164000,17
3670171,14144025,38764,14161000,14
3670169,14144026,312850,14165000,18
3670920,14144027,324879,14160000,13
3669817,14144028,295771,14157000,10
3670056,14144029,312258,14162000,15
3673954,14145001,373698,14171000,24
3673549,14145002,374667,14170000,23
3673184,14145003,374666,14170000,23
3674154,14145004,374669,14169000,22
3674268,14145005,374668,14170000,23
3674422,14145006,351563,14171000,24
3674732,14145007,25753,14161000,14
3673461,14145008,313851,14171000,24
3673181,14145009,361385,14171000,24
3672833,14145010,19770,14170000,23
3675436,14146001,374686,14161000,14
3675289,14146002,292390,14170000,23
3677298,14146003,339442,14171000,24
3675127,14146004,281828,14161000,14
3675575,14146005,29767,14171000,24
3676896,14146006,281414,14171000,24
3678191,14147001,351327,14161000,8
3678005,14147002,370179,14171000,18
3678434,14147003,366341,14170000,17
3678605,14147004,370462,14171000,18
3678351,14147005,6592,14171000,18
3678322,14147006,306872,14171000,18
3678521,14147007,281070,14171000,18
3678989,14147008,374702,14171000,18
3677750,14147009,374306,14160000,7
3678756,14147010,374700,14160000,7
3678419,14147011,314547,14170000,17
3677530,14147012,46701,14165000,12
3677641,14147013,374691,14171000,18
3677840,14147014,33543,14171000,18
3680424,14148001,374711,14161000,8
3681949,14148002,11469,14171000,18
3682035,14148003,325440,14164000,11
3681686,14148004,302979,14171000,18
3680992,14148005,39363,14170000,17
3680746,14148006,333463,14170000,17
3680396,14148007,6143,14157000,4
3680120,14148008,16749,14161000,8
3682303,14148009,358518,14174000,21
3682664,14148010,310792,14161000,8
3679548,14148011,51908,14168000,15
3681768,14148012,51815,14170000,17
3680767,14148013,368379,14161000,8
3679669,14148014,24798,14170000,17
3680512,14148015,44087,14168000,15
3679995,14148016,35059,14167000,14
3680625,14148017,328744,14160000,7
3679711,14148018,374707,14171000,18
3681550,14148019,331257,14174000,21
3680134,14148020,365359,14162000,9
3685459,14149001,307100,14174000,21
3684110,14149002,371619,14174000,21
3685641,14149003,374579,14162000,9
3684831,14149004,16604,14170000,17
3683457,14149005,364069,14174000,21
3685227,14149006,355690,14174000,21
3683812,14149007,331879,14174000,21
3684348,14149008,278049,14168000,15
3683161,14149009,374737,14174000,21
3683064,14149010,374376,14171000,18
3683635,14149011,374508,14174000,21
3683700,14149012,374739,14164000,11
3686228,14149013,308453,14161000,8
3685407,14149014,289386,14174000,21
3682874,14149015,367062,14174000,21
3683089,14149016,339447,14165000,12
3683981,14149017,374746,14174000,21
3686057,14149018,365554,14164000,11
3683571,14149019,43285,14175000,22
3683974,14149020,349607,14174000,21
3685363,14149021,36525,14177000,24
3683938,14149022,296222,14174000,21
3683769,14149023,282204,14174000,21
3683924,14149024,18448,14167000,14
3684765,14149025,340532,14167000,14
3684628,14149026,362374,14174000,21
3683780,14149027,28643,14169000,16
3687126,14150001,275421,14167000,14
3689608,14150002,23450,14177000,24
3689649,14150003,372621,14174000,21
3687155,14150005,374767,14174000,21
3688529,14150006,43063,14174000,21
3687003,14150007,277205,14174000,21
3687577,14150008,374778,14165000,12
3687737,14150009,374780,14167000,14
3689810,14150010,367186,14167000,14
3686772,14150011,26047,14169000,16
3687983,14150012,281845,14174000,21
3689589,14150013,47617,14171000,18
3687937,14150014,305823,14177000,24
3687083,14150015,36498,14167000,14
3687851,14150016,476638,14174000,21
3688318,14150017,374042,14174000,21
3688371,14150018,28410,14174000,21
3687969,14150019,373377,14165000,12
3690258,14151001,44981,14174000,19
3692463,14151002,360744,14177000,22
3690264,14151003,374793,14174000,19
3690649,14151005,294249,14174000,19
3690895,14151006,18485,14164000,9
3691051,14151007,294436,14169000,14
3690399,14151008,296463,14174000,19
3693061,14151009,23239,14170000,15
3691868,14151011,46963,14174000,19
3690455,14151012,25656,14171000,16
3690148,14151013,299590,14174000,19
3690179,14151014,297814,14174000,19
3690852,14151016,374804,14174000,19
3691242,14151017,326171,14174000,19
3691691,14151018,330668,14168000,13
3692003,14151019,43890,14167000,12
3690403,14151020,371307,14168000,13
3691555,14151021,281924,14177000,22
3690282,14151022,313196,14162000,7
3692072,14151023,355438,14177000,22
3691017,14151024,374805,14167000,12
3692581,14151025,363912,14177000,22
3693376,14152001,369281,14170000,15
3693327,14152002,17901,14167000,12
3694094,14152003,337926,14177000,22
3694909,14152004,367233,14167000,12
3694062,14152005,372350,14174000,19
3694304,14152006,291706,14177000,22
3694511,14152008,299139,14177000,22
3696282,14154001,323226,14171000,16
3697783,14154002,374439,14177000,22
3699794,14154003,374708,14177000,22
3701409,14154004,374856,14177000,22
3701170,14154005,369895,14168000,13
3699342,14154006,55547,14177000,22
3700111,14154007,320083,14175000,20
3699542,14154008,26577,14177000,22
3697098,14154009,339122,14178000,23
3695950,14154010,53148,14176000,21
3695990,14154011,285266,14169000,14
3696154,14154012,38756,14177000,22
3696448,14154013,360611,14175000,20
3699320,14154014,372982,14167000,12
3697481,14154015,328772,14167000,12
3701072,14154016,363334,14167000,12
3698822,14154017,293260,14168000,13
3698611,14154018,360613,14177000,22
3698497,14154019,332590,14177000,22
3697486,14154020,48875,14177000,22
3701449,14154021,55134,14177000,22
3699002,14154022,39468,14177000,22
3700961,14154023,36701,14171000,16
3696028,14154024,308922,14171000,16
3697331,14154025,305529,14165000,10
3695816,14154026,358372,14177000,22
3698922,14154027,45801,14178000,23
3700744,14154028,50967,14176000,21
3700855,14154029,374601,14177000,22
3700850,14154030,32346,14177000,22
3698171,14154031,29643,14177000,22
3700149,14154032,363706,14175000,20
3699904,14154033,18360,14177000,22
3699254,14154034,312305,14169000,14
3696067,14154035,374832,14178000,23
3699003,14154036,306825,14177000,22
3696853,14154037,337505,14177000,22
3695935,14154038,344432,14177000,22
3700655,14154039,374873,14177000,22
3698995,14154040,348886,14171000,16
3696215,14154041,374163,14168000,13
3699704,14154042,26375,14175000,20
3698343,14154043,357390,14168000,13
3696018,14154044,374830,14177000,22
3700709,14154045,367431,14178000,23
3704614,14155001,49308,14178000,23
3704582,14155002,13427,14177000,22
3702467,14155003,297059,14174000,19
3702234,14155004,35202,14167000,12
3705375,14155005,374817,14167000,12
3703228,14155006,373930,14177000,22
3705110,14155007,315002,14171000,16
3702830,14155008,362555,14170000,15
3704270,14155010,288384,14171000,16
3704627,14155011,374896,14167000,12
3704301,14155012,374888,14171000,16
3704383,14155013,36956,14181000,26
3703599,14155014,43562,14171000,16
3703618,14155015,290282,14168000,13
3702052,14155016,17644,14175000,20
3703070,14155017,311605,14184000,29
3703230,14155018,291800,14171000,16
3702354,14155019,364754,14174000,19
3704487,14155020,11910,14184000,29
3704424,14155021,365207,14184000,29
3705409,14155022,45081,14175000,20
3703575,14155023,333425,14171000,16
3703278,14155024,278482,14184000,29
3705385,14155025,374819,14175000,20
3703253,14155026,22634,14184000,29
3705438,14155027,374653,14184000,29
3703674,14155028,374553,14184000,29
3705746,14155029,374901,14181000,26
3702263,14155030,306439,14184000,29
3705469,14155032,39994,14184000,29
3705102,14155033,40886,14174000,19
3702819,14155034,367447,14178000,23
3709456,14156001,374752,14184000,28
3707166,14156002,319579,14182000,26
3709153,14156003,326248,14183000,27
3708862,14156004,17673,14176000,20
3708923,14156005,40638,14170000,14
3708487,14156006,365809,14171000,15
3706147,14156007,373260,14176000,20
3706469,14156008,330946,14182000,26
3708941,14156009,369267,14184000,28
3706073,14156010,44993,14182000,26
3709604,14156011,309660,14188000,32
3708912,14156012,364196,14178000,22
3708292,14156013,333158,14188000,32
3706753,14156014,373556,14188000,32
3709044,14156015,306074,14188000,32
3707067,14156016,305638,14181000,25
3707676,14156017,351800,14188000,32
3706355,14156018,46108,14183000,27
3708922,14156019,364749,14188000,32
3706175,14156020,43778,14162000,6
3708620,14156021,321890,14182000,26
3708212,14156022,13334,14184000,28
3712630,14157001,32592,14188000,31
3710749,14157002,374945,14184000,27
3712244,14157003,56059,14176000,19
3712156,14157004,374955,14177000,20
3712413,14157005,51803,14188000,31
3710122,14157006,371420,14182000,25
3711832,14157007,294403,14184000,27
3712638,14157008,293090,14177000,20
3710982,14157009,374905,14170000,13
3710453,14157010,44595,14188000,31
3711727,14157011,374950,14188000,31
3713175,14157012,48953,14175000,18
3710674,14157013,374942,14188000,31
3711235,14157014,365093,14184000,27
3711119,14157015,26155,14181000,24
3711488,14157016,17268,14188000,31
3710846,14157017,374946,14176000,19
3709953,14157018,51268,14191000,34
3710963,14157019,319353,14174000,17
3710306,14157020,374910,14177000,20
3711417,14157021,374909,14188000,31
3710756,14157022,25350,14177000,20
3713104,14157023,276371,14188000,31
3710047,14157024,10838,14183000,26
3711614,14157026,312821,14174000,17
3710400,14157027,48261,14188000,31
3712661,14157028,371354,14188000,31
3712937,14157029,366284,14178000,21
3712550,14157030,373192,14188000,31
3714541,14158001,13009,14188000,28
3714624,14158002,316563,14188000,28
3716846,14158003,328356,14181000,21
3714207,14158004,42624,14188000,28
3715350,14158005,374964,14175000,15
3715747,14158006,45561,14188000,28
3715942,14158007,47291,14170000,10
3715798,14158008,38327,14176000,16
3714403,14158009,366424,14176000,16
3714748,14158010,19441,14188000,28
3714681,14158011,279136,14183000,23
3713852,14158012,40920,14174000,14
3715526,14158013,45677,14176000,16
3716286,14158014,374959,14177000,17
3714026,14158015,371384,14176000,16
3714782,14158016,357550,14184000,24
3715965,14158018,357245,14188000,28
3714703,14158019,27802,14188000,28
3714532,14158020,353049,14182000,22
3714031,14158021,35553,14188000,28
3715292,14158022,372565,14188000,28
3713934,14158023,311034,14175000,15
3716010,14158024,277701,14188000,28
3713794,14158025,302654,14188000,28
3714651,14158026,374824,14188000,28
3717171,14159001,52804,14183000,23
3717157,14159002,9960,14178000,18
3717280,14159003,11042,14188000,28
3717829,14159004,365937,14182000,22
3718709,14159005,8713,14188000,28
3717793,14159006,374992,14188000,28
3719022,14159007,15374,14188000,28
3717073,14159008,39088,14175000,15
3718141,14159009,353144,14188000,28
3719161,14159010,369025,14178000,18
3721848,14160001,32537,14178000,18
3719806,14160002,296871,14178000,18
3720805,14160003,330201,14176000,16
3720606,14160004,302133,14183000,23
3721788,14160005,300768,14188000,28
3721772,14160006,299793,14195000,35
3721315,14160007,362724,14182000,22
3719728,14160008,320685,14183000,23
3719712,14160009,9920,14188000,28
3721286,14160010,49279,14178000,18
3721503,14160011,274258,14177000,17
3719924,14160012,12139,14178000,18
3719978,14160013,36948,14188000,28
3721948,14160014,36909,14184000,24
3722847,14161001,307267,14188000,27
3722253,14161002,319771,14188000,27
3724245,14161003,353760,14178000,17
3724373,14161004,375042,14182000,21
3722198,14161005,44601,14176000,15
3722631,14161006,33965,14181000,20
3723277,14161007,375029,14188000,27
3722647,14161008,374188,14191000,30
3724499,14161009,290745,14191000,30
3724509,14161010,375044,14178000,17
3723003,14161011,15261,14184000,23
3722488,14161012,315358,14188000,27
3722678,14161013,370922,14191000,30
3722469,14161014,299965,14189000,28
3725014,14161015,370369,14195000,34
3723742,14161016,309759,14195000,34
3722711,14161017,43318,14188000,27
3722948,14161018,297289,14182000,21
3722298,14161019,324880,14191000,30
3723034,14161020,286877,14188000,27
3723360,14161021,26216,14184000,23
3723413,14161022,375030,14195000,34
3722896,14161023,373220,14184000,23
3723110,14161024,10806,14188000,27
3723452,14161025,375032,14191000,30
3722498,14161026,356773,14182000,21
3724034,14161027,33023,14195000,34
3725242,14161028,284064,14183000,22
3724536,14161029,31699,14181000,20
3724753,14161030,368200,14195000,34
3728544,14162001,374903,14183000,21
3726527,14162002,375059,14191000,29
3726326,14162003,362226,14198000,36
3726891,14162004,286689,14184000,22
3727871,14162006,340377,14188000,26
3726251,14162007,371225,14181000,19
3727769,14162008,331129,14191000,29
3726513,14162009,12763,14191000,29
3726138,14162010,373176,14163000,1
3726041,14162011,43062,14188000,26
3728959,14162012,317767,14182000,20
3726274,14162013,22520,14182000,20
3726030,14162014,297940,14191000,29
3727044,14162015,317850,14183000,21
3725984,14162016,302774,14182000,20
3726493,14162017,300510,14191000,29
3726444,14162018,7544,14191000,29
3728249,14162019,311329,14191000,29
3727433,14162020,47995,14183000,21
3728965,14162021,371913,14184000,22
3728863,14162022,14340,14191000,29
3726055,14162023,302855,14191000,29
3726059,14162024,375054,14198000,36
3725956,14162025,358290,14191000,29
3729110,14162026,269310,14191000,29
3732006,14163001,288139,14191000,28
3730220,14163002,373418,14191000,28
3729695,14163003,22360,14182000,19
3732089,14163004,373379,14191000,28
3732071,14163005,370900,14188000,25
3730475,14163006,372849,14188000,25
3731291,14163007,299799,14191000,28
3730828,14163008,35068,14189000,26
3730824,14163009,310134,14184000,21
3729664,14163010,303712,14188000,25
3729962,14163011,375085,14182000,19
3731712,14163012,21339,14188000,25
3732063,14163013,338106,14181000,18
3732231,14163014,296854,14189000,26
3731268,14163015,331035,14188000,25
3731459,14163016,24379,14198000,35
3731282,14163017,29108,14191000,28
3730250,14163018,374238,14191000,28
3730087,14163019,312383,14181000,18
3730494,14163020,354775,14198000,35
3731796,14163021,23870,14198000,35
3730983,14163022,375103,14195000,32
3732088,14163023,48714,14198000,35
3732359,14163024,368728,14198000,35
3730317,14163025,320687,14197000,34
3732690,14163026,19521,14188000,25
3730894,14163027,266035,14198000,35
3732284,14163028,290916,14198000,35
3730484,14163029,315686,14198000,35
3731259,14163030,374921,14198000,35
3732352,14163031,47751,14198000,35
3731345,14163032,368591,14188000,25
3729753,14163033,305602,14198000,35
3731423,14163034,13654,14198000,35
3734435,14164001,327892,14198000,33
3733898,14164002,37423,14198000,33
3735932,14164003,284963,14191000,26
3735886,14164005,303410,14189000,24
3734743,14164006,56441,14198000,33
3733379,14164007,300918,14198000,33
3735300,14164008,339356,14198000,33
3735137,14164009,29074,14198000,33
3733434,14164010,16658,14188000,23
3733352,14164011,374975,14189000,24
3734713,14164012,309156,14198000,33
3736131,14164013,27442,14189000,24
3736510,14164014,38672,14198000,33
3733372,14164015,375123,14189000,24
3734780,14164016,375087,14188000,23
3734340,14164017,36068,14198000,33
3733853,14164018,45784,14188000,23
3733669,14164019,353809,14198000,33
3735377,14164020,375138,14198000,33
3735912,14164021,372708,14197000,32
3733424,14164022,351320,14197000,32
3735430,14164023,374993,14198000,33
3733952,14164024,375093,14198000,33
3735238,14164025,300463,14198000,33
3739120,14165001,47444,14198000,33
3738157,14165002,372366,14198000,33
3736788,14165003,373879,14188000,23
3737574,14165004,350519,14198000,33
3737566,14165005,18515,14184000,19
3736810,14165006,373880,14188000,23
3739693,14165007,25006,14198000,33
3737190,14165008,48968,14198000,33
3737519,14165009,314702,14195000,30
3738065,14165010,309859,14198000,33
3737588,14165011,373039,14198000,33
3739181,14165012,346557,14195000,30
3737434,14165013,295924,14198000,33
3738519,14165014,292746,14188000,23
3739014,14165015,55229,14198000,33
3736722,14165016,44179,14191000,26
3739048,14165017,31976,14198000,33
3739710,14165018,360759,14184000,19
3737751,14165019,364037,14198000,33
3737214,14165020,31806,14190000,25
3737449,14165021,38868,14198000,33
3737936,14165022,304376,14196000,31
3738372,14165023,284014,14189000,24
3737304,14165024,33124,14191000,26
3739346,14165025,37504,14188000,23
3737658,14165026,304286,14198000,33
3737795,14165028,373926,14189000,24
3736826,14165029,333531,14198000,33
3738184,14165030,47141,14195000,30
3737493,14165031,14854,14184000,19
3739970,14166005,308646,14198000,31
3739910,14166006,372126,14198000,31
3743565,14167002,356002,14189000,22
3743561,14167005,45248,14189000,22
3743927,14168004,375193,14192000,24
3745897,14168007,355122,14195000,27
3746895,14168008,334264,14168000,0
3744552,14168009,375178,14196000,28
3746184,14168010,277969,14198000,30
3744135,14168013,310792,14188000,20
3746063,14168017,333881,14189000,21
3744229,14168019,45140,14198000,30
3746816,14168020,327577,14196000,28
3746650,14168021,8315,14189000,21
3745175,14168022,318888,14188000,20
3745188,14168023,351465,14189000,21
3744702,14168024,319942,14168000,0
3746326,14168027,369912,14196000,28
3745346,14168028,54591,14197000,29
3747216,14168029,315353,14189000,21
3750496,14169002,275104,14191000,22
3749660,14169003,369091,14198000,29
3748741,14169004,336630,14188000,19
3747552,14169005,335604,14189000,20
3750117,14169006,338421,14189000,20
3748979,14169008,325925,14190000,21
3749124,14169009,298034,14191000,22
3748403,14169012,331020,14183000,14
3750196,14169013,288409,14198000,29
3747613,14169017,33011,14190000,21
3748704,14169018,26070,14192000,23
3749796,14169019,333660,14198000,29
3749708,14169020,277288,14192000,23
3748961,14169021,366812,14195000,26
3747444,14169022,45350,14195000,26
3747561,14169023,35955,14189000,20
3748556,14169025,354930,14197000,28
3750160,14169026,277487,14191000,22
3748171,14169028,39439,14181000,12
3749615,14169029,370666,14190000,21
3750657,14169030,375117,14190000,21
3749191,14169031,371087,14189000,20
3749535,14169032,323800,14196000,27
3748042,14169033,290841,14188000,19
3748271,14169034,277169,14198000,29
3747578,14169035,18595,14198000,29
3752959,14170003,372569,14196000,26
3752049,14170004,305769,14198000,28
3751686,14170005,325860,14188000,18
3753976,14170006,374780,14198000,28
3753931,14170007,9346,14198000,28
3752163,14170008,11929,14198000,28
3750863,14170011,328810,14190000,20
3751509,14170013,49373,14198000,28
3752731,14170014,375293,14198000,28
3753675,14170015,370208,14192000,22
3752672,14170020,301650,14189000,19
3752279,14170021,359061,14188000,18
3753023,14170022,56150,14198000,28
3752950,14170023,302001,14192000,22
3752666,14170024,325830,14196000,26
3751945,14170026,374636,14198000,28
3752734,14170027,375134,14196000,26
3752327,14170028,14004,14197000,27
3752886,14170029,275891,14191000,21
3751232,14170030,23765,14198000,28
3757104,14171001,362685,14190000,19
3756174,14171002,372230,14198000,27
3756596,14171003,370513,14190000,19
3755920,14171006,298858,14190000,19
3756087,14171012,374805,14190000,19
3756877,14171014,38194,14189000,18
3755096,14171017,368379,14190000,19
3754374,14171019,317189,14195000,24
3758398,14172001,36237,14197000,23
3757865,14172004,363503,14190000,16
3757435,14172017,373196,14190000,16
3758303,14172023,320775,14196000,22
3759410,14172025,10934,14198000,24
3759312,14172027,30668,14190000,16
3761158,14173008,375366,14189000,15
3761025,14173009,329431,14191000,17
3764106,14174001,29101,14192000,18
3763830,14174002,354432,14197000,23
3762713,14174006,43690,14190000,16
3765172,14175001,31285,14195000,20
3765386,14175002,303982,14190000,15
3765652,14175003,375399,14196000,21
3766758,14175010,325954,14198000,23
3766430,14175017,19770,14197000,22
3766899,14175022,375005,14191000,16
3766172,14175025,331358,14198000,23
3769019,14176005,364260,14198000,22
3767853,14176008,43063,14190000,14
3768465,14176011,11814,14192000,16
3768832,14176017,44376,14190000,14
3767631,14176019,375433,14190000,14
3768635,14176020,47638,14198000,22
3772549,14177006,373130,14177000,0
3771250,14177007,43142,14189000,12
3773215,14177009,299859,14191000,14
3771049,14177024,19424,14195000,18
3776452,14178001,291035,14197000,19
3777024,14179023,304981,14198000,17
3780456,14180002,47617,14198000,17
3783190,14181005,47291,14181000,0
3786612,14182007,51320,14198000,16
3794583,14185006,356358,14192000,4
3800053,14187011,375742,14188000,0
3803859,14189005,29834,14190000,1
3813196,14191021,334264,14191000,0
3811482,14191024,47697,14192000,1
3831636,14198025,368367,14198000,0
